Algorithm:  brute
Metric:  manhattan
Resubsitution: 
Query Time:  0.381789922714
Validation:  1.0
Confusion Matrix:
[[   0    0    0    0    0    0    0    0    0    0    0]
 [   0    0    0    0    0    0    0    0    0    0    0]
 [   0    0    0    0    0    0    0    0    0    0    0]
 [   0    0    0   20    0    0    0    0    0    0    0]
 [   0    0    0    0  163    0    0    0    0    0    0]
 [   0    0    0    0    0 1457    0    0    0    0    0]
 [   0    0    0    0    0    0 2198    0    0    0    0]
 [   0    0    0    0    0    0    0  880    0    0    0]
 [   0    0    0    0    0    0    0    0  175    0    0]
 [   0    0    0    0    0    0    0    0    0    5    0]
 [   0    0    0    0    0    0    0    0    0    0    0]]
K-Fold: k= 10
Query Time:  0.359653949738
Validation:  0.649650265014
Confusion Matrix:
[[   0    0    0    0    0    0    0    0    0    0    0]
 [   0    0    0    0    0    0    0    0    0    0    0]
 [   0    0    0    0    0    0    0    0    0    0    0]
 [   0    0    0   20    0   11    9    0    0    0    0]
 [   0    0    0    0  187   67   66    6    0    0    0]
 [   0    0    0    0    1 2363  522   28    0    0    0]
 [   0    0    0    0    0  336 3937  122    1    0    0]
 [   0    0    0    0    0   50  387 1323    0    0    0]
 [   0    0    0    0    0    6   78   21  245    0    0]
 [   0    0    0    0    0    0    5    0    0    5    0]
 [   0    0    0    0    0    0    0    0    0    0    0]] 


Algorithm:  kd_tree
Metric:  manhattan
Resubsitution: 
Query Time:  0.0793089866638
Validation:  1.0
Confusion Matrix:
[[   0    0    0    0    0    0    0    0    0    0    0]
 [   0    0    0    0    0    0    0    0    0    0    0]
 [   0    0    0    0    0    0    0    0    0    0    0]
 [   0    0    0   20    0    0    0    0    0    0    0]
 [   0    0    0    0  163    0    0    0    0    0    0]
 [   0    0    0    0    0 1457    0    0    0    0    0]
 [   0    0    0    0    0    0 2198    0    0    0    0]
 [   0    0    0    0    0    0    0  880    0    0    0]
 [   0    0    0    0    0    0    0    0  175    0    0]
 [   0    0    0    0    0    0    0    0    0    5    0]
 [   0    0    0    0    0    0    0    0    0    0    0]]
K-Fold: k= 10
Query Time:  0.0825643539429
Validation:  0.649650265014
Confusion Matrix:
[[   0    0    0    0    0    0    0    0    0    0    0]
 [   0    0    0    0    0    0    0    0    0    0    0]
 [   0    0    0    0    0    0    0    0    0    0    0]
 [   0    0    0   20    0   11    9    0    0    0    0]
 [   0    0    0    0  187   67   66    6    0    0    0]
 [   0    0    0    0    1 2363  522   28    0    0    0]
 [   0    0    0    0    0  336 3937  122    1    0    0]
 [   0    0    0    0    0   50  387 1323    0    0    0]
 [   0    0    0    0    0    6   78   21  245    0    0]
 [   0    0    0    0    0    0    5    0    0    5    0]
 [   0    0    0    0    0    0    0    0    0    0    0]] 


Algorithm:  ball_tree
Metric:  manhattan
Resubsitution: 
Query Time:  0.187617063522
Validation:  1.0
Confusion Matrix:
[[   0    0    0    0    0    0    0    0    0    0    0]
 [   0    0    0    0    0    0    0    0    0    0    0]
 [   0    0    0    0    0    0    0    0    0    0    0]
 [   0    0    0   20    0    0    0    0    0    0    0]
 [   0    0    0    0  163    0    0    0    0    0    0]
 [   0    0    0    0    0 1457    0    0    0    0    0]
 [   0    0    0    0    0    0 2198    0    0    0    0]
 [   0    0    0    0    0    0    0  880    0    0    0]
 [   0    0    0    0    0    0    0    0  175    0    0]
 [   0    0    0    0    0    0    0    0    0    5    0]
 [   0    0    0    0    0    0    0    0    0    0    0]]
K-Fold: k= 10
Query Time:  0.176359891891
Validation:  0.649650265014
Confusion Matrix:
[[   0    0    0    0    0    0    0    0    0    0    0]
 [   0    0    0    0    0    0    0    0    0    0    0]
 [   0    0    0    0    0    0    0    0    0    0    0]
 [   0    0    0   20    0   11    9    0    0    0    0]
 [   0    0    0    0  187   67   66    6    0    0    0]
 [   0    0    0    0    1 2363  522   28    0    0    0]
 [   0    0    0    0    0  336 3937  122    1    0    0]
 [   0    0    0    0    0   50  387 1323    0    0    0]
 [   0    0    0    0    0    6   78   21  245    0    0]
 [   0    0    0    0    0    0    5    0    0    5    0]
 [   0    0    0    0    0    0    0    0    0    0    0]] 


Algorithm:  brute
Metric:  euclidean
Resubsitution: 
Query Time:  0.502732038498
Validation:  1.0
Confusion Matrix:
[[   0    0    0    0    0    0    0    0    0    0    0]
 [   0    0    0    0    0    0    0    0    0    0    0]
 [   0    0    0    0    0    0    0    0    0    0    0]
 [   0    0    0   20    0    0    0    0    0    0    0]
 [   0    0    0    0  163    0    0    0    0    0    0]
 [   0    0    0    0    0 1457    0    0    0    0    0]
 [   0    0    0    0    0    0 2198    0    0    0    0]
 [   0    0    0    0    0    0    0  880    0    0    0]
 [   0    0    0    0    0    0    0    0  175    0    0]
 [   0    0    0    0    0    0    0    0    0    5    0]
 [   0    0    0    0    0    0    0    0    0    0    0]]
K-Fold: k= 10
Query Time:  0.461022377014
Validation:  0.642913484412
Confusion Matrix:
[[   0    0    0    0    0    0    0    0    0    0    0]
 [   0    0    0    0    0    0    0    0    0    0    0]
 [   0    0    0    0    0    0    0    0    0    0    0]
 [   0    0    0   20    0   11    9    0    0    0    0]
 [   0    0    0    0  187   69   64    6    0    0    0]
 [   0    0    0    0    1 2338  539   36    0    0    0]
 [   0    0    0    0    2  326 3951  116    1    0    0]
 [   0    0    0    0    0   60  399 1301    0    0    0]
 [   0    0    0    0    0   10   79   16  245    0    0]
 [   0    0    0    0    0    0    5    0    0    5    0]
 [   0    0    0    0    0    0    0    0    0    0    0]] 


Algorithm:  kd_tree
Metric:  euclidean
Resubsitution: 
Query Time:  0.0609540939331
Validation:  1.0
Confusion Matrix:
[[   0    0    0    0    0    0    0    0    0    0    0]
 [   0    0    0    0    0    0    0    0    0    0    0]
 [   0    0    0    0    0    0    0    0    0    0    0]
 [   0    0    0   20    0    0    0    0    0    0    0]
 [   0    0    0    0  163    0    0    0    0    0    0]
 [   0    0    0    0    0 1457    0    0    0    0    0]
 [   0    0    0    0    0    0 2198    0    0    0    0]
 [   0    0    0    0    0    0    0  880    0    0    0]
 [   0    0    0    0    0    0    0    0  175    0    0]
 [   0    0    0    0    0    0    0    0    0    5    0]
 [   0    0    0    0    0    0    0    0    0    0    0]]
K-Fold: k= 10
Query Time:  0.0611288547516
Validation:  0.642913484412
Confusion Matrix:
[[   0    0    0    0    0    0    0    0    0    0    0]
 [   0    0    0    0    0    0    0    0    0    0    0]
 [   0    0    0    0    0    0    0    0    0    0    0]
 [   0    0    0   20    0   11    9    0    0    0    0]
 [   0    0    0    0  187   69   64    6    0    0    0]
 [   0    0    0    0    1 2338  539   36    0    0    0]
 [   0    0    0    0    2  326 3951  116    1    0    0]
 [   0    0    0    0    0   60  399 1301    0    0    0]
 [   0    0    0    0    0   10   79   16  245    0    0]
 [   0    0    0    0    0    0    5    0    0    5    0]
 [   0    0    0    0    0    0    0    0    0    0    0]] 


Algorithm:  ball_tree
Metric:  euclidean
Resubsitution: 
Query Time:  0.190318107605
Validation:  1.0
Confusion Matrix:
[[   0    0    0    0    0    0    0    0    0    0    0]
 [   0    0    0    0    0    0    0    0    0    0    0]
 [   0    0    0    0    0    0    0    0    0    0    0]
 [   0    0    0   20    0    0    0    0    0    0    0]
 [   0    0    0    0  163    0    0    0    0    0    0]
 [   0    0    0    0    0 1457    0    0    0    0    0]
 [   0    0    0    0    0    0 2198    0    0    0    0]
 [   0    0    0    0    0    0    0  880    0    0    0]
 [   0    0    0    0    0    0    0    0  175    0    0]
 [   0    0    0    0    0    0    0    0    0    5    0]
 [   0    0    0    0    0    0    0    0    0    0    0]]
K-Fold: k= 10
Query Time:  0.172775506973
Validation:  0.642913484412
Confusion Matrix:
[[   0    0    0    0    0    0    0    0    0    0    0]
 [   0    0    0    0    0    0    0    0    0    0    0]
 [   0    0    0    0    0    0    0    0    0    0    0]
 [   0    0    0   20    0   11    9    0    0    0    0]
 [   0    0    0    0  187   69   64    6    0    0    0]
 [   0    0    0    0    1 2338  539   36    0    0    0]
 [   0    0    0    0    2  326 3951  116    1    0    0]
 [   0    0    0    0    0   60  399 1301    0    0    0]
 [   0    0    0    0    0   10   79   16  245    0    0]
 [   0    0    0    0    0    0    5    0    0    5    0]
 [   0    0    0    0    0    0    0    0    0    0    0]] 


Algorithm:  brute
Metric:  cosine_similarity
Resubsitution: 
Query Time:  0.511579036713
Validation:  1.0
Confusion Matrix:
[[   0    0    0    0    0    0    0    0    0    0    0]
 [   0    0    0    0    0    0    0    0    0    0    0]
 [   0    0    0    0    0    0    0    0    0    0    0]
 [   0    0    0   20    0    0    0    0    0    0    0]
 [   0    0    0    0  163    0    0    0    0    0    0]
 [   0    0    0    0    0 1457    0    0    0    0    0]
 [   0    0    0    0    0    0 2198    0    0    0    0]
 [   0    0    0    0    0    0    0  880    0    0    0]
 [   0    0    0    0    0    0    0    0  175    0    0]
 [   0    0    0    0    0    0    0    0    0    5    0]
 [   0    0    0    0    0    0    0    0    0    0    0]]
K-Fold: k= 10
Query Time:  0.468386650085
Validation:  0.649243771128
Confusion Matrix:
[[   0    0    0    0    0    0    0    0    0    0    0]
 [   0    0    0    0    0    0    0    0    0    0    0]
 [   0    0    0    0    0    0    0    0    0    0    0]
 [   0    0    0   20    1    8   11    0    0    0    0]
 [   0    0    0    0  191   66   63    6    0    0    0]
 [   0    0    0    0    3 2366  509   34    2    0    0]
 [   0    0    0    0    5  331 3908  149    3    0    0]
 [   0    0    0    0    0   41  375 1342    2    0    0]
 [   0    0    0    0    0    4   77   23  246    0    0]
 [   0    0    0    0    0    1    4    0    0    5    0]
 [   0    0    0    0    0    0    0    0    0    0    0]] 


Algorithm:  kd_tree
Metric:  cosine_similarity
Resubsitution: 
Query Time:  0.0744061470032
Validation:  1.0
Confusion Matrix:
[[   0    0    0    0    0    0    0    0    0    0    0]
 [   0    0    0    0    0    0    0    0    0    0    0]
 [   0    0    0    0    0    0    0    0    0    0    0]
 [   0    0    0   20    0    0    0    0    0    0    0]
 [   0    0    0    0  163    0    0    0    0    0    0]
 [   0    0    0    0    0 1457    0    0    0    0    0]
 [   0    0    0    0    0    0 2198    0    0    0    0]
 [   0    0    0    0    0    0    0  880    0    0    0]
 [   0    0    0    0    0    0    0    0  175    0    0]
 [   0    0    0    0    0    0    0    0    0    5    0]
 [   0    0    0    0    0    0    0    0    0    0    0]]
K-Fold: k= 10
Query Time:  0.0785539150238
Validation:  0.649243771128
Confusion Matrix:
[[   0    0    0    0    0    0    0    0    0    0    0]
 [   0    0    0    0    0    0    0    0    0    0    0]
 [   0    0    0    0    0    0    0    0    0    0    0]
 [   0    0    0   20    1    8   11    0    0    0    0]
 [   0    0    0    0  191   66   63    6    0    0    0]
 [   0    0    0    0    3 2366  509   34    2    0    0]
 [   0    0    0    0    5  331 3908  149    3    0    0]
 [   0    0    0    0    0   41  375 1342    2    0    0]
 [   0    0    0    0    0    4   77   23  246    0    0]
 [   0    0    0    0    0    1    4    0    0    5    0]
 [   0    0    0    0    0    0    0    0    0    0    0]] 


Algorithm:  ball_tree
Metric:  cosine_similarity
Resubsitution: 
Query Time:  0.165752887726
Validation:  1.0
Confusion Matrix:
[[   0    0    0    0    0    0    0    0    0    0    0]
 [   0    0    0    0    0    0    0    0    0    0    0]
 [   0    0    0    0    0    0    0    0    0    0    0]
 [   0    0    0   20    0    0    0    0    0    0    0]
 [   0    0    0    0  163    0    0    0    0    0    0]
 [   0    0    0    0    0 1457    0    0    0    0    0]
 [   0    0    0    0    0    0 2198    0    0    0    0]
 [   0    0    0    0    0    0    0  880    0    0    0]
 [   0    0    0    0    0    0    0    0  175    0    0]
 [   0    0    0    0    0    0    0    0    0    5    0]
 [   0    0    0    0    0    0    0    0    0    0    0]]
K-Fold: k= 10
Query Time:  0.157483816147
Validation:  0.649243771128
Confusion Matrix:
[[   0    0    0    0    0    0    0    0    0    0    0]
 [   0    0    0    0    0    0    0    0    0    0    0]
 [   0    0    0    0    0    0    0    0    0    0    0]
 [   0    0    0   20    1    8   11    0    0    0    0]
 [   0    0    0    0  191   66   63    6    0    0    0]
 [   0    0    0    0    3 2366  509   34    2    0    0]
 [   0    0    0    0    5  331 3908  149    3    0    0]
 [   0    0    0    0    0   41  375 1342    2    0    0]
 [   0    0    0    0    0    4   77   23  246    0    0]
 [   0    0    0    0    0    1    4    0    0    5    0]
 [   0    0    0    0    0    0    0    0    0    0    0]] 


Algorithm:  brute
Metric:  minkowski
Resubsitution: 
Query Time:  0.505805969238
Validation:  1.0
Confusion Matrix:
[[   0    0    0    0    0    0    0    0    0    0    0]
 [   0    0    0    0    0    0    0    0    0    0    0]
 [   0    0    0    0    0    0    0    0    0    0    0]
 [   0    0    0   20    0    0    0    0    0    0    0]
 [   0    0    0    0  163    0    0    0    0    0    0]
 [   0    0    0    0    0 1457    0    0    0    0    0]
 [   0    0    0    0    0    0 2198    0    0    0    0]
 [   0    0    0    0    0    0    0  880    0    0    0]
 [   0    0    0    0    0    0    0    0  175    0    0]
 [   0    0    0    0    0    0    0    0    0    5    0]
 [   0    0    0    0    0    0    0    0    0    0    0]]
K-Fold: k= 10
Query Time:  0.469031333923
Validation:  0.649243771128
Confusion Matrix:
[[   0    0    0    0    0    0    0    0    0    0    0]
 [   0    0    0    0    0    0    0    0    0    0    0]
 [   0    0    0    0    0    0    0    0    0    0    0]
 [   0    0    0   20    1    8   11    0    0    0    0]
 [   0    0    0    0  191   66   63    6    0    0    0]
 [   0    0    0    0    3 2366  509   34    2    0    0]
 [   0    0    0    0    5  331 3908  149    3    0    0]
 [   0    0    0    0    0   41  375 1342    2    0    0]
 [   0    0    0    0    0    4   77   23  246    0    0]
 [   0    0    0    0    0    1    4    0    0    5    0]
 [   0    0    0    0    0    0    0    0    0    0    0]] 


Algorithm:  kd_tree
Metric:  minkowski
Resubsitution: 
Query Time:  0.0746030807495
Validation:  1.0
Confusion Matrix:
[[   0    0    0    0    0    0    0    0    0    0    0]
 [   0    0    0    0    0    0    0    0    0    0    0]
 [   0    0    0    0    0    0    0    0    0    0    0]
 [   0    0    0   20    0    0    0    0    0    0    0]
 [   0    0    0    0  163    0    0    0    0    0    0]
 [   0    0    0    0    0 1457    0    0    0    0    0]
 [   0    0    0    0    0    0 2198    0    0    0    0]
 [   0    0    0    0    0    0    0  880    0    0    0]
 [   0    0    0    0    0    0    0    0  175    0    0]
 [   0    0    0    0    0    0    0    0    0    5    0]
 [   0    0    0    0    0    0    0    0    0    0    0]]
K-Fold: k= 10
Query Time:  0.080023765564
Validation:  0.649243771128
Confusion Matrix:
[[   0    0    0    0    0    0    0    0    0    0    0]
 [   0    0    0    0    0    0    0    0    0    0    0]
 [   0    0    0    0    0    0    0    0    0    0    0]
 [   0    0    0   20    1    8   11    0    0    0    0]
 [   0    0    0    0  191   66   63    6    0    0    0]
 [   0    0    0    0    3 2366  509   34    2    0    0]
 [   0    0    0    0    5  331 3908  149    3    0    0]
 [   0    0    0    0    0   41  375 1342    2    0    0]
 [   0    0    0    0    0    4   77   23  246    0    0]
 [   0    0    0    0    0    1    4    0    0    5    0]
 [   0    0    0    0    0    0    0    0    0    0    0]] 


Algorithm:  ball_tree
Metric:  minkowski
Resubsitution: 
Query Time:  0.165900945663
Validation:  1.0
Confusion Matrix:
[[   0    0    0    0    0    0    0    0    0    0    0]
 [   0    0    0    0    0    0    0    0    0    0    0]
 [   0    0    0    0    0    0    0    0    0    0    0]
 [   0    0    0   20    0    0    0    0    0    0    0]
 [   0    0    0    0  163    0    0    0    0    0    0]
 [   0    0    0    0    0 1457    0    0    0    0    0]
 [   0    0    0    0    0    0 2198    0    0    0    0]
 [   0    0    0    0    0    0    0  880    0    0    0]
 [   0    0    0    0    0    0    0    0  175    0    0]
 [   0    0    0    0    0    0    0    0    0    5    0]
 [   0    0    0    0    0    0    0    0    0    0    0]]
K-Fold: k= 10
Query Time:  0.156801939011
Validation:  0.649243771128
Confusion Matrix:
[[   0    0    0    0    0    0    0    0    0    0    0]
 [   0    0    0    0    0    0    0    0    0    0    0]
 [   0    0    0    0    0    0    0    0    0    0    0]
 [   0    0    0   20    1    8   11    0    0    0    0]
 [   0    0    0    0  191   66   63    6    0    0    0]
 [   0    0    0    0    3 2366  509   34    2    0    0]
 [   0    0    0    0    5  331 3908  149    3    0    0]
 [   0    0    0    0    0   41  375 1342    2    0    0]
 [   0    0    0    0    0    4   77   23  246    0    0]
 [   0    0    0    0    0    1    4    0    0    5    0]
 [   0    0    0    0    0    0    0    0    0    0    0]] 
